HEADER	5	7	200	20	88		
BOM	0	2	30				
BOM	0	4	57				
BOM	1	0	148				
BOM	1	1	51				
BOM	1	2	64				
BOM	1	4	18				
BOM	2	1	130				
BOM	2	2	59				
BOM	3	0	35				
BOM	3	1	4				
BOM	3	2	129				
BOM	3	3	72				
BOM	4	0	189				
BOM	4	2	152				
BOM	4	3	113				
BOM	5	0	95				
BOM	5	1	181				
BOM	5	2	3				
BOM	5	3	39				
BOM	6	3	33				
COMBI	0	1	1	0			
COMBI	0	1	3	5814			
COMBI	0	1	4	4885			
COMBI	0	1	5	5590			
COMBI	0	3	1	5814			
COMBI	0	3	3	0			
COMBI	0	3	4	9430			
COMBI	0	3	5	7775			
COMBI	0	4	1	4885			
COMBI	0	4	3	9430			
COMBI	0	4	4	0			
COMBI	0	4	5	8128			
COMBI	0	5	1	5590			
COMBI	0	5	3	7775			
COMBI	0	5	4	8128			
COMBI	0	5	5	0			
COMBI	1	1	1	0			
COMBI	1	1	2	7500			
COMBI	1	1	3	6452			
COMBI	1	1	5	5057			
COMBI	1	2	1	7500			
COMBI	1	2	2	0			
COMBI	1	2	3	9675			
COMBI	1	2	5	7330			
COMBI	1	3	1	6452			
COMBI	1	3	2	9675			
COMBI	1	3	3	0			
COMBI	1	3	5	7755			
COMBI	1	5	1	5057			
COMBI	1	5	2	7330			
COMBI	1	5	3	7755			
COMBI	1	5	5	0			
COMBI	2	0	0	0			
COMBI	2	0	1	5050			
COMBI	2	0	2	7273			
COMBI	2	0	3	8017			
COMBI	2	0	4	5620			
COMBI	2	0	5	8133			
COMBI	2	1	0	5050			
COMBI	2	1	1	0			
COMBI	2	1	2	8885			
COMBI	2	1	3	7230			
COMBI	2	1	4	7162			
COMBI	2	1	5	2282			
COMBI	2	2	0	7273			
COMBI	2	2	1	8885			
COMBI	2	2	2	0			
COMBI	2	2	3	7088			
COMBI	2	2	4	5077			
COMBI	2	2	5	1348			
COMBI	2	3	0	8017			
COMBI	2	3	1	7230			
COMBI	2	3	2	7088			
COMBI	2	3	3	0			
COMBI	2	3	4	5611			
COMBI	2	3	5	1972			
COMBI	2	4	0	5620			
COMBI	2	4	1	7162			
COMBI	2	4	2	5077			
COMBI	2	4	3	5611			
COMBI	2	4	4	0			
COMBI	2	4	5	1299			
COMBI	2	5	0	8133			
COMBI	2	5	1	2282			
COMBI	2	5	2	1348			
COMBI	2	5	3	1972			
COMBI	2	5	4	1299			
COMBI	2	5	5	0			
COMBI	3	3	3	0			
COMBI	3	3	4	1775			
COMBI	3	3	5	3315			
COMBI	3	3	6	7597			
COMBI	3	4	3	1775			
COMBI	3	4	4	0			
COMBI	3	4	5	3689			
COMBI	3	4	6	5041			
COMBI	3	5	3	3315			
COMBI	3	5	4	3689			
COMBI	3	5	5	0			
COMBI	3	5	6	5481			
COMBI	3	6	3	7597			
COMBI	3	6	4	5041			
COMBI	3	6	5	5481			
COMBI	3	6	6	0			
COMBI	4	0	0	0			
COMBI	4	0	1	2469			
COMBI	4	1	0	2469			
COMBI	4	1	1	0			
ORDER	0	2	6931	24821	20	6360	3520
ORDER	1	6	4008	25579	4	1412	3112
ORDER	2	5	2863	29939	5	1515	9184
ORDER	3	1	756	25675	14	4620	4818
ORDER	4	0	192	29697	21	7224	6026
ORDER	5	4	4790	21922	29	6351	9154
ORDER	6	0	1050	27908	9	3096	3643
ORDER	7	2	1166	23139	18	5724	7726
ORDER	8	3	8273	25812	11	3927	6584
ORDER	9	3	6755	21402	28	9996	2744
ORDER	10	1	6565	22420	21	6930	9118
ORDER	11	2	17821	28362	12	3816	1098
ORDER	12	1	4625	22204	2	660	4747
ORDER	13	0	9145	23568	22	7568	2182
ORDER	14	0	2476	29132	6	2064	6418
ORDER	15	2	11588	24622	6	1908	8271
ORDER	16	2	1898	29326	2	636	4319
ORDER	17	3	2294	28857	14	4998	9722
ORDER	18	3	13359	26436	14	4998	1657
ORDER	19	5	155	28096	26	7878	4987
ORDER	20	2	4092	24251	13	4134	9421
ORDER	21	0	9312	24945	25	8600	9657
ORDER	22	5	6276	28675	21	6363	6781
ORDER	23	5	1663	23999	26	7878	5410
ORDER	24	6	3016	22720	13	4589	8988
ORDER	25	2	7886	26513	16	5088	6036
ORDER	26	5	1157	26279	18	5454	8144
ORDER	27	1	3469	24629	23	7590	54
ORDER	28	3	2770	22639	11	3927	2057
ORDER	29	1	3830	15593	30	9900	3217
ORDER	30	2	5941	18582	4	1272	6916
ORDER	31	5	4447	15616	19	5757	691
ORDER	32	2	466	17364	29	9222	4329
ORDER	33	4	1158	28695	26	5694	1432
ORDER	34	5	4	29970	2	606	3258
ORDER	35	3	164	21983	6	2142	1191
ORDER	36	2	17581	27713	9	2862	694
ORDER	37	2	5996	16288	18	5724	2088
ORDER	38	3	7834	22895	20	7140	2331
ORDER	39	3	2303	29619	28	9996	2003
ORDER	40	3	462	27906	13	4641	7129
ORDER	41	1	15260	25955	9	2970	9383
ORDER	42	1	3426	19953	25	8250	4579
ORDER	43	2	1821	29844	24	7632	2707
ORDER	44	5	8743	23268	7	2121	6313
ORDER	45	2	9871	26478	26	8268	5933
ORDER	46	2	2094	22973	17	5406	966
ORDER	47	1	6372	28699	20	6600	5518
ORDER	48	1	8730	21869	7	2310	5608
ORDER	49	6	1037	29021	4	1412	4112
ORDER	50	3	85	25944	7	2499	5934
ORDER	51	5	2726	23951	5	1515	6560
ORDER	52	3	14790	29921	10	3570	5362
ORDER	53	5	8254	19128	26	7878	4487
ORDER	54	6	5279	18602	11	3883	2120
ORDER	55	3	1857	18503	25	8925	1692
ORDER	56	3	2284	14065	18	6426	8815
ORDER	57	5	2395	15113	29	8787	1215
ORDER	58	2	16258	27207	15	4770	9345
ORDER	59	1	515	29653	7	2310	7286
ORDER	60	0	10115	23373	8	2752	2645
ORDER	61	5	329	28485	15	4545	9364
ORDER	62	6	188	29949	27	9531	5730
ORDER	63	3	1774	23682	18	6426	4626
ORDER	64	1	3757	15977	9	2970	5146
ORDER	65	2	1587	17747	23	7314	7123
ORDER	66	6	2419	17998	10	3530	7357
ORDER	67	1	11141	29764	9	2970	5275
ORDER	68	3	176	20887	21	7497	1598
ORDER	69	6	44	29428	20	7060	8589
ORDER	70	3	3104	26824	26	9282	227
ORDER	71	3	932	14372	27	9639	1980
ORDER	72	4	5576	27234	6	1314	9646
ORDER	73	5	359	29245	4	1212	2226
ORDER	74	1	13791	24290	5	1650	2892
ORDER	75	1	1071	20629	18	5940	8975
ORDER	76	4	3289	26482	27	5913	2919
ORDER	77	3	8976	28713	4	1428	5774
ORDER	78	5	1650	26504	30	9090	1926
ORDER	79	4	1227	16819	21	4599	2974
ORDER	80	2	4662	25147	16	5088	1504
ORDER	81	4	4140	18434	5	1095	1579
ORDER	82	5	5470	28212	8	2424	3032
ORDER	83	6	14119	29511	13	4589	3132
ORDER	84	1	7530	27430	24	7920	9264
ORDER	85	4	1559	29426	21	4599	7278
ORDER	86	4	2972	23209	29	6351	4762
ORDER	87	4	1127	28970	12	2628	689
ORDER	88	1	4015	29627	18	5940	5222
ORDER	89	4	768	27728	4	876	7694
ORDER	90	0	5502	18394	9	3096	4818
ORDER	91	5	11031	24552	6	1818	1922
ORDER	92	5	5181	21440	24	7272	3707
ORDER	93	2	1207	26710	30	9540	1747
ORDER	94	1	5435	28149	1	330	3810
ORDER	95	4	1755	29110	22	4818	9476
ORDER	96	6	9133	27312	15	5295	8740
ORDER	97	3	13253	23410	15	5355	8109
ORDER	98	3	4180	22877	22	7854	8970
ORDER	99	1	11681	26481	2	660	623
ORDER	100	4	987	28931	22	4818	5363
ORDER	101	0	2673	26135	25	8600	1660
ORDER	102	1	1906	15914	11	3630	407
ORDER	103	3	2166	29636	16	5712	206
ORDER	104	0	14885	25724	10	3440	9659
ORDER	105	2	5280	26791	7	2226	4546
ORDER	106	4	12628	25547	4	876	9197
ORDER	107	3	12906	23252	3	1071	6334
ORDER	108	2	114	27846	30	9540	3277
ORDER	109	2	7082	20299	4	1272	7404
ORDER	110	1	4468	23504	19	6270	7826
ORDER	111	2	6474	28563	29	9222	8342
ORDER	112	5	6841	25601	4	1212	2566
ORDER	113	0	5	29864	20	6880	2457
ORDER	114	4	408	29466	11	2409	9408
ORDER	115	3	12253	25798	24	8568	3052
ORDER	116	1	2968	14213	19	6270	6573
ORDER	117	5	10724	22649	30	9090	6105
ORDER	118	3	1495	29506	20	7140	8206
ORDER	119	6	1012	27329	28	9884	3078
ORDER	120	4	6903	29756	18	3942	6553
ORDER	121	4	905	29076	19	4161	5563
ORDER	122	1	2310	28990	4	1320	4402
ORDER	123	5	1768	28685	3	909	4716
ORDER	124	0	845	19960	7	2408	956
ORDER	125	3	2393	26572	25	8925	1386
ORDER	126	1	3288	17415	25	8250	1726
ORDER	127	0	8743	29148	22	7568	3508
ORDER	128	5	384	25468	8	2424	3482
ORDER	129	0	3303	29709	4	1376	9073
ORDER	130	1	3913	19112	17	5610	1976
ORDER	131	4	3078	28645	24	5256	4464
ORDER	132	5	1718	25013	29	8787	855
ORDER	133	4	550	28250	27	5913	9142
ORDER	134	1	18351	28907	7	2310	1472
ORDER	135	6	2146	19811	10	3530	2293
ORDER	136	1	59	29961	8	2640	5508
ORDER	137	1	13002	23694	7	2310	2401
ORDER	138	4	6147	20199	7	1533	4172
ORDER	139	4	5323	29474	19	4161	6150
ORDER	140	3	12697	29540	6	2142	1282
ORDER	141	4	12088	29147	13	2847	8420
ORDER	142	5	111	27360	20	6060	2587
ORDER	143	4	6510	28082	29	6351	4860
ORDER	144	5	3197	29431	3	909	113
ORDER	145	1	12353	28977	19	6270	8663
ORDER	146	4	15027	28550	9	1971	7280
ORDER	147	2	403	29507	22	6996	1820
ORDER	148	2	3547	28051	11	3498	1909
ORDER	149	5	1428	24602	23	6969	2541
ORDER	150	1	6730	17380	3	990	7922
ORDER	151	2	4015	24707	10	3180	7197
ORDER	152	0	3518	27351	18	6192	6903
ORDER	153	6	7502	19175	20	7060	9499
ORDER	154	3	8161	18291	13	4641	7166
ORDER	155	0	18003	28090	15	5160	634
ORDER	156	4	1095	28364	4	876	244
ORDER	157	6	7817	25071	19	6707	2577
ORDER	158	1	1001	26715	15	4950	7605
ORDER	159	1	7290	18260	8	2640	2799
ORDER	160	1	4009	23892	22	7260	5197
ORDER	161	2	14076	27428	27	8586	9284
ORDER	162	4	1077	27950	18	3942	8258
ORDER	163	2	12057	25439	10	3180	8802
ORDER	164	1	11598	28709	17	5610	3594
ORDER	165	1	7009	28839	27	8910	3966
ORDER	166	4	388	26041	14	3066	5045
ORDER	167	4	2513	22738	18	3942	1935
ORDER	168	0	11579	22311	15	5160	5090
ORDER	169	3	53	27286	4	1428	6856
ORDER	170	4	197	29044	24	5256	7090
ORDER	171	0	762	28892	5	1720	645
ORDER	172	5	1755	29585	28	8484	4251
ORDER	173	5	5121	23512	7	2121	1128
ORDER	174	2	2980	24728	1	318	7949
ORDER	175	4	891	29641	5	1095	1550
ORDER	176	4	240	23331	6	1314	7726
ORDER	177	2	16866	29432	13	4134	3395
ORDER	178	5	6645	19191	2	606	4139
ORDER	179	4	8731	19440	12	2628	4579
ORDER	180	1	676	17686	7	2310	1594
ORDER	181	0	8779	28207	13	4472	1229
ORDER	182	4	3625	29240	30	6570	5413
ORDER	183	2	1504	24986	2	636	3178
ORDER	184	5	3073	25276	4	1212	6273
ORDER	185	4	2737	20953	15	3285	4993
ORDER	186	3	1596	22511	15	5355	8105
ORDER	187	2	4145	18308	26	8268	6570
ORDER	188	0	6264	23670	2	688	3383
ORDER	189	5	10409	27600	27	8181	3902
ORDER	190	4	18172	29207	9	1971	885
ORDER	191	1	1369	20241	17	5610	5830
ORDER	192	0	10471	21447	14	4816	6183
ORDER	193	1	3664	27169	8	2640	7781
ORDER	194	3	4355	25089	8	2856	4853
ORDER	195	4	15055	29353	11	2409	2026
ORDER	196	3	10688	22388	3	1071	8239
ORDER	197	4	8571	21522	5	1095	8711
ORDER	198	3	1462	28949	2	714	3449
ORDER	199	1	12913	25752	23	7590	5321
