40 100 300
32 37
15 37 R
27 29 L
24 32 R
37 35 L
35 4 D
11 15 L
33 7 L
27 38 D
9 8 L
21 26 U
34 26 L
31 30 D
0 29 R
4 18 D
20 36 D
8 15 R
27 2 R
12 15 R
18 25 L
32 20 L
23 7 U
22 23 D
33 39 U
24 8 L
22 14 D
3 17 L
39 39 D
1 37 R
22 5 L
4 35 D
21 9 L
2 31 R
10 23 L
37 37 L
26 19 U
12 19 U
23 7 L
23 38 D
24 10 L
9 0 R
28 9 R
16 18 R
16 39 R
23 22 R
9 14 U
26 18 U
1 20 R
35 4 D
21 13 L
28 12 R
0 24 R
29 26 R
11 21 R
1 19 D
6 18 U
24 20 U
12 10 L
31 17 U
36 29 L
19 5 R
30 28 R
29 25 U
25 4 U
26 5 L
1 15 D
31 10 R
32 27 R
26 20 D
2 8 R
18 29 U
36 23 D
10 26 R
32 1 D
20 11 R
30 31 U
38 7 L
9 10 U
0 3 R
26 25 U
3 35 R
37 18 R
32 26 R
5 7 R
24 22 L
10 6 L
13 5 U
11 10 U
34 2 U
0 5 U
18 4 R
36 29 U
1 27 D
21 26 L
9 35 U
7 21 U
20 24 U
36 15 L
34 31 U
36 21 L
5 27 D
0 12
0 13
0 14
0 15
0 17
0 21
0 28
0 37
1 2
1 3
1 9
1 21
1 23
1 28
1 30
1 36
1 38
2 2
2 12
2 15
2 17
2 18
2 22
2 23
2 25
2 39
3 0
3 3
3 11
3 12
3 18
3 19
3 26
3 38
4 5
4 8
4 9
4 21
4 23
4 33
5 4
5 18
5 22
5 24
5 32
5 36
6 0
6 3
6 5
6 8
6 11
6 13
6 21
6 23
6 30
6 37
7 6
7 10
7 20
7 24
7 25
7 26
7 31
7 33
8 3
8 10
8 13
8 14
8 18
8 19
8 22
8 26
8 27
8 38
8 39
9 11
9 18
9 20
9 23
9 24
10 1
10 3
10 7
10 9
10 11
10 13
10 16
10 21
10 24
10 25
10 35
10 37
11 2
11 3
11 7
11 9
11 12
11 17
11 26
11 29
12 12
12 27
12 30
12 39
13 4
13 8
13 15
13 16
13 18
13 19
13 31
14 4
14 8
14 9
14 13
14 19
14 23
14 31
14 37
15 8
15 10
15 13
15 24
15 32
16 1
16 9
16 15
16 30
16 37
17 2
17 3
17 10
17 13
17 15
17 34
18 3
18 10
18 15
18 24
19 0
19 1
19 4
19 8
19 17
19 18
19 20
19 25
19 33
19 36
19 38
20 1
20 18
20 20
20 21
20 22
20 27
20 33
20 38
21 15
21 16
21 17
21 28
21 30
22 15
22 18
22 27
22 37
23 1
23 4
23 6
23 13
23 20
23 29
23 31
24 6
24 17
24 27
24 30
24 36
24 39
25 7
25 8
25 10
25 14
25 20
25 24
25 27
25 31
26 3
26 12
26 15
26 27
26 29
26 39
27 1
27 13
27 14
27 17
27 18
27 20
27 22
27 24
27 27
27 32
28 2
28 7
28 14
28 15
28 18
28 22
28 33
28 37
29 2
29 3
29 6
29 10
29 16
29 18
29 21
29 22
29 24
29 27
29 30
30 0
30 3
30 23
30 25
30 30
30 32
30 33
30 39
31 20
31 28
31 29
31 31
31 37
32 11
32 15
32 28
33 12
33 16
33 23
33 29
33 31
33 34
33 35
34 9
34 10
34 12
34 13
34 17
34 18
34 23
34 24
34 28
34 35
35 2
35 22
35 23
35 29
35 32
35 35
36 4
36 5
36 11
36 16
36 24
36 26
36 27
36 30
36 36
36 39
37 2
37 8
37 9
37 10
37 17
37 29
37 30
37 34
38 0
38 3
38 12
38 15
38 16
38 26
38 30
38 38
39 0
39 1
39 3
39 4
39 9
39 13
39 18
39 22
39 26
39 32
39 33
39 36
